Test Group Name,Test Name,Units of Measure,Reference Range,12/10/2020,07/14/2020,06/12/2020,12/05/2019,06/04/2019,12/06/2018,06/14/2018,06/12/2018,03/26/2018,02/20/2018,10/25/2017,07/24/2017,07/23/2017,06/19/2017,05/16/2017,10/18/2016,09/27/2016,03/23/2016,01/27/2016,07/20/2015,06/16/2015,05/30/2015,01/15/2015,10/16/2014
CMP,Glucose,mg/dL,65-99,108,180,115,105,97,110,95,95,,99,104,126,126,122,131,145,123,107,102,,120,108,103,112
CMP,BUN,mg/dL,7-25,15,20,21,20,19,18,18,18,,23,19,21,21,17,18,,23,12,16,,11,17,16,17
CMP,Creatinine,mg/dL,0.50-1.05,0.69,0.84,0.69,0.63,0.64,0.61,0.5,0.5,,0.6,0.58,0.76,0.76,0.71,0.63,,0.59,0.67,0.61,,0.57,0.65,0.67,0.64
CMP,Sodium,mmol/L,135-146,144,141,144,145,144,141.2,143,143,,138,145,140,140,143,140,,143,138,141,,140,138,140,139
CMP,Potassium,mmol/L,3.5-5.3,4.5,3.7,5.2,4.8,4.0,4.1,4.0,4.0,,4.0,3.9,4.4,4.4,4.8,4.6,,4.6,4.4,4.4,,4.5,4.2,4.2,4.8
CMP,Chloride,mmol/L,98-110,103,103,104,104,104,104.6,104,104,,104,104,105,105,104,104,,107,101,103,,102,103,103,106
CMP,Carbon Dioxide,mmol/L,20-31,26,25,28,26,26,29,28,28,,27,27,26,26,29,27,,26,26,27,,25,26,24,25
CMP,Calcium,mg/dL,8.6-10.4,9.6,9.6,9.3,9.6,9.2,9.2,9.1,9.1,,8.7,9.4,9.2,9.2,9.7,9.5,,9.4,9.5,9.7,,9.3,9.3,9.3,9.2
CMP,Protein Total,g/dL,6.1-8.1,7.3,8.8,7.2,7.2,7.0,6.9,7.3,7.3,,6.7,7.0,7.1,7.1,7.6,7.5,,7.5,7.5,7.7,,7.5,7.6,7.7,7.4
CMP,Albumin,g/dL,3.6-5.1,4.4,4.9,4.4,4.1,4.1,4.06,4.0,4.0,,3.8,4.0,4.0,4.0,4.2,4.1,,4.2,4.3,4.2,,4.3,4.4,4.4,4.1
CMP,Globulin,g/dL,1.9-3.7,2.9,,2.8,3.1,2.9,2.84,3.3,3.3,,2.9,3.0,3.1,3.1,3.4,3.4,,3.3,3.2,3.5,,3.2,3.2,3.3,3.3
CMP,AST,U/L,10-35,15,22,18,14,14,15,20,20,,13,15,15,15,16,14,,15,15,16,,15,15,21,16
CMP,ALT,U/L,6-29,10,16,12,9,10,11,18,18,,11,11,13,13,14,12,,12,13,15,,14,11,14,8
Lipid,Cholesterol Total,mg/dL,125-200,150,,130,142,134,130,118,118,,144,147,162,162,,155,164,125,181,,,,,153,159
Lipid,HDL Cholesterol,mg/dL,> or = 46,47,,49,51,49,45,46,46,,50,44,55,55,,50,39,45,44,,,45,45,41
Lipid,Triglycerides,mg/dL,<150,88,,65,65,69,70,78,78,,74,74,88,88,,86,130,52,129,,,110,79,82
Lipid,LDL Cholesterol,mg/dL,<130,86,,68,78,71,71,56,56,,79,87,89,89,,88,99,70,111,,,87,92,102
Diabetes,Hemoglobin A1c,%,<5.7,6.0,,6.0,6.0,5.9,5.73,5.6,5.6,,6.1,5.7,6.5,6.5,,6.3,6.2,6.8,6.8,,6.6,6.7,6.3
Vitamin,Vitamin D 25-OH,ng/mL,30-100,27.5,,51.8,27.4,50.2,28.7,55.8,55.8,,17,25,27,27,,27,,23,,,,,39,16
CBC,WBC,Thousand/uL,3.8-10.8,7.1,13.84,5.5,5.6,6.0,7.43,6.7,6.7,,7.5,6.9,6.1,6.1,5.8,,5.9,8.1,,5.5,,5.5
CBC,RBC,Million/uL,3.80-5.10,3.97,4.69,4.00,4.25,3.96,4.11,3.92,3.92,,3.96,4.15,4.19,4.19,4.31,,4.32,4.40,4.06,,4.06
CBC,Hemoglobin,g/dL,11.7-15.5,11.8,14.2,12.2,12.5,12.2,12.6,11.9,11.9,,12.2,12.2,12.3,12.3,12.9,,12.7,13.1,12.4,,12.4
CBC,Hematocrit,%,35.0-45.0,36.1,42.6,36.7,38.9,36.5,37.9,35.5,35.5,,35.9,38.0,38.8,38.8,39.0,,38.8,40.1,37.7,,37.7
CBC,MCV,fL,80.0-100.0,91,91,92,92,92,92,91,91,,90.6,91.6,92.6,92.6,90.5,,89.8,91.1,92.9,,92.9
CBC,MCH,pg,27.0-33.0,29.7,30.3,30.5,29.4,30.8,30.5,30,30,,30.8,29.4,29.4,29.4,29.9,,29.5,29.8,30.6,,30.6
CBC,Platelets,Thousand/uL,140-400,250,289,250,277,284,280.2,247,247,,268,255,249,249,243,,224,232,235,,235
CBC,Neutrophils Abs,cells/uL,1500-7800,4900,11530,3300,3500,3700,4640,,,4500,,,3631,,3398,,3361,,
Thyroid,TSH,mIU/L,0.40-4.50,0.995,,1.410,1.460,2.130,1.32,1.65,1.65,,1.77,1.84,1.39,1.39,,,,,,,,,0.67
Thyroid,T4 Free,ng/dL,0.8-1.8,,1.46,1.58,1.32,0.96,1.50,1.50,,0.99,1.3,,,,,,,,,,,
Iron,Ferritin,ng/mL,15-150,279,,282,232,208,161.4,154.3,154.3,,171,,,,,,,,,,,,
UA,Specific Gravity,,1.001-1.035,1.021,1.027,1.028,1.027,1.023,>=1.030,>=1.030,,1.024,1.025,TNP,TNP,,>1.030,,1.020,1.025,,
Autoimmune,ANA Titer,titer,<1:40,,,,,,,,,,,,,,,,,1:320,1:320,1:320,1:160,,
Autoimmune,CCP Ab,Units,<20,,,,,,,,,,,,,,,,,,,,<16,<16,,

